0 0 0
0.1 0.2 0.3
0.2 0.4 0.6
0.3 0.6 0.9
0.4 0.8 1.2
0.5 1 1.5
0.6 1.2 1.8
0.7 1.4 2.1
0.8 1.6 2.4
0.9 1.8 2.7
1 2 3
1 2 3
1.09246 2.20354 3.3
1.1695 2.4134 3.6
1.2307 2.62841 3.9
1.27572 2.84739 4.2
1.30431 3.06911 4.5
1.31631 3.29234 4.8
1.31166 3.51585 5.1
1.29037 3.73839 5.4
1.25257 3.95872 5.7
1.19846 4.17563 6
1.12836 4.38791 6.3
1.04264 4.59438 6.6
0.941784 4.79389 6.9
0.826352 4.98534 7.2
0.696983 5.16766 7.5
0.554397 5.33984 7.8
0.399385 5.50092 8.1
0.232808 5.65002 8.4
0.0555913 5.78629 8.7
0.0555913 5.78629 8.7
-0.125768 5.90197 9
-0.287127 6.01765 9.3
-0.428486 6.13333 9.6
-0.549845 6.24901 9.9
-0.651204 6.36469 10.2
-0.732563 6.48037 10.5
-0.793923 6.59605 10.8
-0.835282 6.71173 11.1
-0.856641 6.82741 11.4
-0.858 6.94308 11.7